190
10 10305076
11 11842110
12 11382258
13 33995954
14 41727465
15 14876485
16 16619783
17 18092271
18 17165668
19 19377440
20 20571564
21 19776160
22 69595785
23 21389066
24 22399491
25 23297755
26 23996901
27 24480792
28 26195771
29 77101284
30 27839320
31 28537871
32 32123926
33 30572067
34 60939227
35 34565004
36 34198137
37 34984126
38 34523742
39 41439864
40 38893587
41 36884343
42 39518868
43 46527551
44 41302632
45 42419559
46 42395763
47 52023430
48 43808466
49 45112833
50 53717985
51 45614474
52 47761324
53 55222799
54 52436113
55 51355875
56 60796350
57 55667514
58 53825928
59 61115478
60 58393176
61 55357913
62 65297005
63 61312755
64 62886869
65 75703119
66 61382998
67 71523345
68 64449722
69 64402123
70 70717323
71 65220156
72 108118187
73 68735608
74 77997147
75 73225173
76 70663917
77 77393154
78 72275709
79 85880199
80 75318672
81 86820809
82 75932830
83 82082963
84 78578044
85 84126936
86 80289744
87 83808284
88 80396083
89 88414173
90 85316061
91 88331406
92 85240185
93 89999366
94 87090936
95 92939356
96 99963828
97 93138606
98 105922917
99 99731735
100 98769391
101 105951498
102 96766466
103 102875223
104 102368922
105 96724924
106 105571926
107 101726856
108 105643626
109 105839502
110 103499417
111 108278080
112 109103024
113 106695189
114 111113306
115 110631496
116 110070572
117 113269605
118 117297886
119 114109881
120 113310777
121 120642267
122 122987285
123 120210231
124 120545602
125 126275550
126 126332535
127 120513638
128 122258467
129 127566843
130 124662809
131 131534439
132 130873808
133 131515917
134 134507549
135 129993837
136 132044215
137 128722247
138 133068211
139 133235718
140 138450051
141 137000466
142 145343072
143 138196657
144 140230241
145 135287797
146 142972110
147 144488823
148 140504160
149 144194871
150 147130857
151 144105333
152 149282543
153 146943955
154 145327266
155 146853816
156 149451153
157 153129261
158 151250430
159 152393456
160 154292074
161 156623367
162 156656205
163 158292443
164 157657297
165 162918920
166 161463007
167 162148176
168 162474270
169 162634464
170 168224400
171 166151667
172 166269489
173 167123501
174 167026018
175 172347963
176 172555115
177 173245542
178 172259010
179 174623626
180 174266771
181 176273631
182 178052508
183 174274807
184 181698048
185 179126166
186 179825781
187 181392470
188 182435965
189 183859512
190 184797683
191 184266868
192 187004702
193 189167085
194 189057564
195 186825025
196 194208980
197 193783588
198 189733800
199 192832911
