2,73746e+015 5,23207e+007 1 1,02801e+008 0 0 0 0 0 0 0 190
3,79155e+014 1,94719e+007 2 -1,9804e+008 6,76342e+007 0 0 0 0 0 473 0
4,83483e+013 6,95329e+006 2 4,25521e+006 0 943023 0 0 0 0 431 0
4,76056e+013 6,89968e+006 3 1,74374e+007 -4,17078e+006 994408 0 0 0 0 960 0
4,76306e+013 6,90149e+006 3 9,17612e+006 0 590793 63534,7 0 0 0 910 0
4,81494e+013 6,93898e+006 4 -2,97757e+006 5,74261e+006 84491,4 142233 0 0 0 1170 0
4,77586e+013 6,91076e+006 3 6,94208e+006 0 872048 0 339,594 0 0 895 0
4,9254e+013 7,01812e+006 4 -1,86392e+006 0 1,86531e+006 -220389 1452,57 0 0 1058 0
4,82969e+013 6,94959e+006 5 1,63709e+006 3,23377e+006 360604 97135,3 23,2981 0 0 1351 0
4,78815e+013 6,91964e+006 4 8,72682e+006 0 788832 0 1284,65 -2,99784 0 1078 0
5,18249e+013 7,19895e+006 5 -1,90832e+006 -195255 1,19547e+006 0 -2666,34 8,36473 0 1197 0
5,68022e+013 7,53673e+006 5 -510766 0 -46439,8 378254 -9134,98 21,5514 0 1172 0
5,37346e+013 7,33039e+006 6 90216,4 488131 169437 284586 -6775,83 16,2762 0 1400 0
4,9211e+013 7,01506e+006 5 1,44265e+006 0 1,16188e+006 0 -4547,84 32,6504 -0,0747978 1949 0
4,93957e+013 7,02821e+006 6 -1,9834e+006 0 2,00864e+006 -256504 932,74 10,9509 -0,0370054 2245 0
1,06855e+014 1,0337e+007 7 -134450 102398 21567,1 -25310,6 28560,2 -231,528 0,586549 1540 0
